52
16
62
89
80
23
49
39
96
30
18
75
49
71
59
27
76
48
13
69
50
36
77
75
30
3
18
28
32
63
4
99
45
78
83
46
24
58
10
98
68
14
70
54
38
65
4
64
76
5
4
78
69
30
43
17
39
87
59
78
6
21
8
34
27
19
31
70
87
14
3
19
39
15
1
36
65
23
37
65
98
53
51
27
59
25
30
16
35
66
8
36
99
31
92
47
7
37
27
20
34
33
77
63
3
85
40
55
29
7
52
16
51
93
79
53
70
80
74
3
88
15
35
21
7
66
19
8
22
53
30
28
96
17
31
66
76
88
25
74
84
75
87
29
15
91
85
6
51
40
77
27
63
25
32
20
97
56
57
36
66
33
33
75
77
24
20
34
62
14
76
82
55
99
18
13
28
7
7
15
81
13
56
82
75
3
65
71
85
12
69
21
31
89
8
52
43
12
51
90
72
51
44
38
63
95
71
64
7
19
91
90
49
42
54
53
76
51
99
74
59
48
49
50
45
56
51
66
91
66
70
16
56
17
43
30
69
19
19
80
32
1
64
67
21
78
71
88
35
55
76
91
13
76
31
24
3
93
92
7
45
6
72
41
48
75
35
33
99
25
84
57
32
20
43
58
83
81
30
67
85
62
31
37
89
78
4
79
85
20
27
75
27
13
35
27
29
24
19
45
44
39
89
11
70
20
60
92
34
72
40
21
64
26
22
82
74
35
51
69
72
55
47
80
97
9
31
19
84
16
30
60
63
85
23
47
73
20
66
70
19
12
46
13
79
6
12
1
91
53
52
93
72
49
72
88
91
10
13
62
88
41
9
18
43
79
58
78
3
74
9
54
69
81
51
60
9
35
1
92
96
31
28
31
63
36
88
14
13
35
55
64
8
4
82
77
4
28
69
99
47
34
97
17
44
98
25
91
97
12
80
57
9
21
65
58
14
77
55
8
91
45
65
68
20
45
47
65
99
74
57
80
65
1
45
63
33
11
87
65
12
97
16
1
54
98
55
86
38
24
63
26
73
62
9
3
68
29
97
99
51
59
91
24
54
99
91
8
76
3
25
4
90
89
95
94
29
65
14
21
89
61
27
75
12
32
8
3
92
42
95
4
14
87
14
52
6
92
46
55
7
48
11
36
98
60
36
83
66
14
73
4
15
76
11
90
33
16
13
23
91
89
15
34
8
21
89
3
75
44
88
37
19
58
15
42
50
91
77
51
95
24
36
78
69
91
89
37
77
24
19
89
80
24
64
18
33
76
28
77
70
33
8
23
26
37
84
56
62
68
40
42
39
61
27
67
53
37
65
16
32
53
26
52
25
98
57
95
94
96
9
74
63
1
81
63
16
14
53
33
8
33
75
9
83
77
51
20
96
96
65
95
12
12
45
18
8
56
97
27
80
89
62
65
60
66
79
39
80
64
51
40
83
33
9
99
77
17
68
48
48
38
99
98
32
13
62
51
55
63
56
60
16
26
53
19
71
10
49
18
97
12
39
32
45
25
12
79
4
46
40
90
87
50
78
43
89
63
34
47
4
28
83
17
9
91
24
58
79
90
29
67
68
51
50
36
98
67
53
7
1
83
47
10
23
65
72
66
48
11
29
8
76
3
14
70
28
23
24
54
2
54
99
14
17
73
23
37
99
42
44
23
10
27
46
21
81
74
93
43
19
58
10
69
62
21
91
65
37
80
9
75
44
99
6
46
83
34
92
50
43
35
67
6
66
6
97
50
57
93
88
54
30
80
35
44
45
30
51
96
82
57
1
19
34
69
79
11
21
99
37
47
82
43
1
84
90
4
4
56
23
41
9
44
91
54
46
63
65
62
2
54
82
96
68
86
35
48
72
96
27
87
29
57
56
42
72
86
79
51
53
41
27
95
73
41
48
56
28
79
23
16
46
59
97
83
64
85
74
15
49
43
32
7
29
36
13
52
88
50
82
60
84
14
10
61
27
87
23
28
38
79
21
92
74
12
42
69
60
72
77
86
12
65
2
10
9
20
67
37
29
96
68
77
96
63
31
32
50
37
56
77
62
47
76
70
23
40
33
17
94
43
91
17
72
96
48
20
12
99
52
8
21
86
99
42
12
43
95
11
80
10
20
23
16
99
24
65
88
32
86
69
87
50
43
85
5
51
6
1
16
12
21
51
84
49
57
76
47
35
59
80
44
22
37
85
24
69
1
72
72
82
31
79
13
83
21
70
43
14
37
60
37
95
95
69
89
68
39
67
43
47
19
53
73
7
26
65
13
58
